&input
asr   = 'crystal'
flfrc = 'Nb.fc.xml',
flfrq = 'Nb.freq',
flvec = 'Nb.modes',
fleig = 'Nb.eig',
/
344
    0.0000000   0.0000000   0.0000000
    0.0000000   0.0117030   0.0000000
    0.0000000   0.0234061   0.0000000
    0.0000000   0.0351091   0.0000000
    0.0000000   0.0468122   0.0000000
    0.0000000   0.0585152   0.0000000
    0.0000000   0.0702183   0.0000000
    0.0000000   0.0819213   0.0000000
    0.0000000   0.0936244   0.0000000
    0.0000000   0.1053274   0.0000000
    0.0000000   0.1170305   0.0000000
    0.0000000   0.1287335   0.0000000
    0.0000000   0.1404366   0.0000000
    0.0000000   0.1521396   0.0000000
    0.0000000   0.1638426   0.0000000
    0.0000000   0.1755457   0.0000000
    0.0000000   0.1872487   0.0000000
    0.0000000   0.1989518   0.0000000
    0.0000000   0.2106548   0.0000000
    0.0000000   0.2223579   0.0000000
    0.0000000   0.2340609   0.0000000
    0.0000000   0.2457640   0.0000000
    0.0000000   0.2574670   0.0000000
    0.0000000   0.2691701   0.0000000
    0.0000000   0.2808731   0.0000000
    0.0000000   0.2925761   0.0000000
    0.0000000   0.3042792   0.0000000
    0.0000000   0.3159822   0.0000000
    0.0000000   0.3276853   0.0000000
    0.0000000   0.3393883   0.0000000
    0.0000000   0.3510914   0.0000000
    0.0000000   0.3627944   0.0000000
    0.0000000   0.3744975   0.0000000
    0.0000000   0.3862005   0.0000000
    0.0000000   0.3979036   0.0000000
    0.0000000   0.4096066   0.0000000
    0.0000000   0.4213097   0.0000000
    0.0000000   0.4330127   0.0000000
    0.0000000   0.4447157   0.0000000
    0.0000000   0.4564188   0.0000000
    0.0000000   0.4681218   0.0000000
    0.0000000   0.4798249   0.0000000
    0.0000000   0.4915279   0.0000000
    0.0000000   0.5032310   0.0000000
    0.0000000   0.5149340   0.0000000
    0.0000000   0.5266371   0.0000000
    0.0000000   0.5383401   0.0000000
    0.0000000   0.5500432   0.0000000
    0.0000000   0.5617462   0.0000000
    0.0000000   0.5734493   0.0000000
    0.0000000   0.5851523   0.0000000
    0.0000000   0.5968553   0.0000000
    0.0000000   0.6085584   0.0000000
    0.0000000   0.6202614   0.0000000
    0.0000000   0.6319645   0.0000000
    0.0000000   0.6436675   0.0000000
    0.0000000   0.6553706   0.0000000
    0.0000000   0.6670736   0.0000000
    0.0000000   0.6787767   0.0000000
    0.0000000   0.6904797   0.0000000
    0.0000000   0.7021828   0.0000000
    0.0000000   0.7138858   0.0000000
    0.0000000   0.7255889   0.0000000
    0.0000000   0.7372919   0.0000000
    0.0000000   0.7489949   0.0000000
    0.0000000   0.7606980   0.0000000
    0.0000000   0.7724010   0.0000000
    0.0000000   0.7841041   0.0000000
    0.0000000   0.7958071   0.0000000
    0.0000000   0.8075102   0.0000000
    0.0000000   0.8192132   0.0000000
    0.0000000   0.8309163   0.0000000
    0.0000000   0.8426193   0.0000000
    0.0000000   0.8543224   0.0000000
    0.0000000   0.8660254   0.0000000
    0.0083272   0.8576982   0.0000000
    0.0166543   0.8493711   0.0000000
    0.0249815   0.8410439   0.0000000
    0.0333087   0.8327167   0.0000000
    0.0416358   0.8243896   0.0000000
    0.0499630   0.8160624   0.0000000
    0.0582902   0.8077352   0.0000000
    0.0666173   0.7994081   0.0000000
    0.0749445   0.7910809   0.0000000
    0.0832717   0.7827537   0.0000000
    0.0915988   0.7744266   0.0000000
    0.0999260   0.7660994   0.0000000
    0.1082532   0.7577722   0.0000000
    0.1165803   0.7494451   0.0000000
    0.1249075   0.7411179   0.0000000
    0.1332347   0.7327907   0.0000000
    0.1415618   0.7244636   0.0000000
    0.1498890   0.7161364   0.0000000
    0.1582162   0.7078092   0.0000000
    0.1665433   0.6994821   0.0000000
    0.1748705   0.6911549   0.0000000
    0.1831977   0.6828277   0.0000000
    0.1915248   0.6745006   0.0000000
    0.1998520   0.6661734   0.0000000
    0.2081792   0.6578462   0.0000000
    0.2165064   0.6495191   0.0000000
    0.2248335   0.6411919   0.0000000
    0.2331607   0.6328647   0.0000000
    0.2414879   0.6245376   0.0000000
    0.2498150   0.6162104   0.0000000
    0.2581422   0.6078832   0.0000000
    0.2664694   0.5995560   0.0000000
    0.2747965   0.5912289   0.0000000
    0.2831237   0.5829017   0.0000000
    0.2914509   0.5745745   0.0000000
    0.2997780   0.5662474   0.0000000
    0.3081052   0.5579202   0.0000000
    0.3164324   0.5495930   0.0000000
    0.3247595   0.5412659   0.0000000
    0.3330867   0.5329387   0.0000000
    0.3414139   0.5246115   0.0000000
    0.3497410   0.5162844   0.0000000
    0.3580682   0.5079572   0.0000000
    0.3663954   0.4996300   0.0000000
    0.3747225   0.4913029   0.0000000
    0.3830497   0.4829757   0.0000000
    0.3913769   0.4746485   0.0000000
    0.3997040   0.4663214   0.0000000
    0.4080312   0.4579942   0.0000000
    0.4163584   0.4496670   0.0000000
    0.4246855   0.4413399   0.0000000
    0.4330127   0.4330127   0.0000000
    0.4246855   0.4246855   0.0000000
    0.4163584   0.4163584   0.0000000
    0.4080312   0.4080312   0.0000000
    0.3997040   0.3997040   0.0000000
    0.3913769   0.3913769   0.0000000
    0.3830497   0.3830497   0.0000000
    0.3747225   0.3747225   0.0000000
    0.3663954   0.3663954   0.0000000
    0.3580682   0.3580682   0.0000000
    0.3497410   0.3497410   0.0000000
    0.3414139   0.3414139   0.0000000
    0.3330867   0.3330867   0.0000000
    0.3247595   0.3247595   0.0000000
    0.3164324   0.3164324   0.0000000
    0.3081052   0.3081052   0.0000000
    0.2997780   0.2997780   0.0000000
    0.2914509   0.2914509   0.0000000
    0.2831237   0.2831237   0.0000000
    0.2747965   0.2747965   0.0000000
    0.2664694   0.2664694   0.0000000
    0.2581422   0.2581422   0.0000000
    0.2498150   0.2498150   0.0000000
    0.2414879   0.2414879   0.0000000
    0.2331607   0.2331607   0.0000000
    0.2248335   0.2248335   0.0000000
    0.2165064   0.2165064   0.0000000
    0.2081792   0.2081792   0.0000000
    0.1998520   0.1998520   0.0000000
    0.1915248   0.1915248   0.0000000
    0.1831977   0.1831977   0.0000000
    0.1748705   0.1748705   0.0000000
    0.1665433   0.1665433   0.0000000
    0.1582162   0.1582162   0.0000000
    0.1498890   0.1498890   0.0000000
    0.1415618   0.1415618   0.0000000
    0.1332347   0.1332347   0.0000000
    0.1249075   0.1249075   0.0000000
    0.1165803   0.1165803   0.0000000
    0.1082532   0.1082532   0.0000000
    0.0999260   0.0999260   0.0000000
    0.0915988   0.0915988   0.0000000
    0.0832717   0.0832717   0.0000000
    0.0749445   0.0749445   0.0000000
    0.0666173   0.0666173   0.0000000
    0.0582902   0.0582902   0.0000000
    0.0499630   0.0499630   0.0000000
    0.0416358   0.0416358   0.0000000
    0.0333087   0.0333087   0.0000000
    0.0249815   0.0249815   0.0000000
    0.0166543   0.0166543   0.0000000
    0.0083272   0.0083272   0.0000000
    0.0000000   0.0000000   0.0000000
    0.0067658   0.0067658   0.0067658
    0.0135316   0.0135316   0.0135316
    0.0202975   0.0202975   0.0202975
    0.0270633   0.0270633   0.0270633
    0.0338291   0.0338291   0.0338291
    0.0405949   0.0405949   0.0405949
    0.0473608   0.0473608   0.0473608
    0.0541266   0.0541266   0.0541266
    0.0608924   0.0608924   0.0608924
    0.0676582   0.0676582   0.0676582
    0.0744241   0.0744241   0.0744241
    0.0811899   0.0811899   0.0811899
    0.0879557   0.0879557   0.0879557
    0.0947215   0.0947215   0.0947215
    0.1014874   0.1014874   0.1014874
    0.1082532   0.1082532   0.1082532
    0.1150190   0.1150190   0.1150190
    0.1217848   0.1217848   0.1217848
    0.1285506   0.1285506   0.1285506
    0.1353165   0.1353165   0.1353165
    0.1420823   0.1420823   0.1420823
    0.1488481   0.1488481   0.1488481
    0.1556139   0.1556139   0.1556139
    0.1623798   0.1623798   0.1623798
    0.1691456   0.1691456   0.1691456
    0.1759114   0.1759114   0.1759114
    0.1826772   0.1826772   0.1826772
    0.1894431   0.1894431   0.1894431
    0.1962089   0.1962089   0.1962089
    0.2029747   0.2029747   0.2029747
    0.2097405   0.2097405   0.2097405
    0.2165064   0.2165064   0.2165064
    0.2232722   0.2232722   0.2232722
    0.2300380   0.2300380   0.2300380
    0.2368038   0.2368038   0.2368038
    0.2435696   0.2435696   0.2435696
    0.2503355   0.2503355   0.2503355
    0.2571013   0.2571013   0.2571013
    0.2638671   0.2638671   0.2638671
    0.2706329   0.2706329   0.2706329
    0.2773988   0.2773988   0.2773988
    0.2841646   0.2841646   0.2841646
    0.2909304   0.2909304   0.2909304
    0.2976962   0.2976962   0.2976962
    0.3044621   0.3044621   0.3044621
    0.3112279   0.3112279   0.3112279
    0.3179937   0.3179937   0.3179937
    0.3247595   0.3247595   0.3247595
    0.3315253   0.3315253   0.3315253
    0.3382912   0.3382912   0.3382912
    0.3450570   0.3450570   0.3450570
    0.3518228   0.3518228   0.3518228
    0.3585886   0.3585886   0.3585886
    0.3653545   0.3653545   0.3653545
    0.3721203   0.3721203   0.3721203
    0.3788861   0.3788861   0.3788861
    0.3856519   0.3856519   0.3856519
    0.3924178   0.3924178   0.3924178
    0.3991836   0.3991836   0.3991836
    0.4059494   0.4059494   0.4059494
    0.4127152   0.4127152   0.4127152
    0.4194811   0.4194811   0.4194811
    0.4262469   0.4262469   0.4262469
    0.4330127   0.4330127   0.4330127
    0.4262469   0.4397785   0.4262469
    0.4194811   0.4465443   0.4194811
    0.4127152   0.4533102   0.4127152
    0.4059494   0.4600760   0.4059494
    0.3991836   0.4668418   0.3991836
    0.3924178   0.4736076   0.3924178
    0.3856519   0.4803735   0.3856519
    0.3788861   0.4871393   0.3788861
    0.3721203   0.4939051   0.3721203
    0.3653545   0.5006709   0.3653545
    0.3585886   0.5074368   0.3585886
    0.3518228   0.5142026   0.3518228
    0.3450570   0.5209684   0.3450570
    0.3382912   0.5277342   0.3382912
    0.3315253   0.5345001   0.3315253
    0.3247595   0.5412659   0.3247595
    0.3179937   0.5480317   0.3179937
    0.3112279   0.5547975   0.3112279
    0.3044621   0.5615633   0.3044621
    0.2976962   0.5683292   0.2976962
    0.2909304   0.5750950   0.2909304
    0.2841646   0.5818608   0.2841646
    0.2773988   0.5886266   0.2773988
    0.2706329   0.5953925   0.2706329
    0.2638671   0.6021583   0.2638671
    0.2571013   0.6089241   0.2571013
    0.2503355   0.6156899   0.2503355
    0.2435696   0.6224558   0.2435696
    0.2368038   0.6292216   0.2368038
    0.2300380   0.6359874   0.2300380
    0.2232722   0.6427532   0.2232722
    0.2165064   0.6495191   0.2165064
    0.2097405   0.6562849   0.2097405
    0.2029747   0.6630507   0.2029747
    0.1962089   0.6698165   0.1962089
    0.1894431   0.6765823   0.1894431
    0.1826772   0.6833482   0.1826772
    0.1759114   0.6901140   0.1759114
    0.1691456   0.6968798   0.1691456
    0.1623798   0.7036456   0.1623798
    0.1556139   0.7104115   0.1556139
    0.1488481   0.7171773   0.1488481
    0.1420823   0.7239431   0.1420823
    0.1353165   0.7307089   0.1353165
    0.1285506   0.7374748   0.1285506
    0.1217848   0.7442406   0.1217848
    0.1150190   0.7510064   0.1150190
    0.1082532   0.7577722   0.1082532
    0.1014874   0.7645381   0.1014874
    0.0947215   0.7713039   0.0947215
    0.0879557   0.7780697   0.0879557
    0.0811899   0.7848355   0.0811899
    0.0744241   0.7916013   0.0744241
    0.0676582   0.7983672   0.0676582
    0.0608924   0.8051330   0.0608924
    0.0541266   0.8118988   0.0541266
    0.0473608   0.8186646   0.0473608
    0.0405949   0.8254305   0.0405949
    0.0338291   0.8321963   0.0338291
    0.0270633   0.8389621   0.0270633
    0.0202975   0.8457279   0.0202975
    0.0135316   0.8524938   0.0135316
    0.0067658   0.8592596   0.0067658
    0.0000000   0.8660254   0.0000000
    0.4330127   0.4330127   0.4330127
    0.4330127   0.4330127   0.4209846
    0.4330127   0.4330127   0.4089564
    0.4330127   0.4330127   0.3969283
    0.4330127   0.4330127   0.3849002
    0.4330127   0.4330127   0.3728720
    0.4330127   0.4330127   0.3608439
    0.4330127   0.4330127   0.3488158
    0.4330127   0.4330127   0.3367877
    0.4330127   0.4330127   0.3247595
    0.4330127   0.4330127   0.3127314
    0.4330127   0.4330127   0.3007033
    0.4330127   0.4330127   0.2886751
    0.4330127   0.4330127   0.2766470
    0.4330127   0.4330127   0.2646189
    0.4330127   0.4330127   0.2525907
    0.4330127   0.4330127   0.2405626
    0.4330127   0.4330127   0.2285345
    0.4330127   0.4330127   0.2165064
    0.4330127   0.4330127   0.2044782
    0.4330127   0.4330127   0.1924501
    0.4330127   0.4330127   0.1804220
    0.4330127   0.4330127   0.1683938
    0.4330127   0.4330127   0.1563657
    0.4330127   0.4330127   0.1443376
    0.4330127   0.4330127   0.1323094
    0.4330127   0.4330127   0.1202813
    0.4330127   0.4330127   0.1082532
    0.4330127   0.4330127   0.0962250
    0.4330127   0.4330127   0.0841969
    0.4330127   0.4330127   0.0721688
    0.4330127   0.4330127   0.0601407
    0.4330127   0.4330127   0.0481125
    0.4330127   0.4330127   0.0360844
    0.4330127   0.4330127   0.0240563
    0.4330127   0.4330127   0.0120281
    0.4330127   0.4330127   0.0000000

